+-------------------------+---------+-------------+---------------+-----------+----------------+--------------+----------+----------------+------------------+--------------+
| Feature                 |   Count |   Missing % |   Cardinality |   Minimum |   1st Quartile |         Mean |   Median |   3rd Quartile |          Maximum |     Std. Dev |
|-------------------------+---------+-------------+---------------+-----------+----------------+--------------+----------+----------------+------------------+--------------|
| Age                     |   10000 |        0    |            78 |     -3    |           37   |     44.6412  |     45   |           52   |     85           |     10.7383  |
| Annual_Income_Estimate  |   10000 |        0    |          9999 |  60003.2  |       157250   | 350849       | 286951   |       480237   |      1.5083e+06  | 244203       |
| Current_Account_Balance |   10000 |       36.79 |          9988 |   6176.6  |        25045.8 |  27764.9     |  27449.2 |        29781.7 |  70261.3         |   5198.2     |
| Savings_Account_Balance |   10000 |       46.65 |          9997 |  12094.3  |       130069   | 141486       | 140912   |       152051   | 300000           |  23904.3     |
| Credit_Card_Balance     |   10000 |       59.58 |          9997 |  11151    |        49783.9 |  54792.6     |  54714.8 |        59682.1 | 120009           |  10277.6     |
| Personal_Loan_Balance   |   10000 |       66.9  |          9998 |   3562.66 |        64569   |  70586.9     |  70753.3 |        76821.6 | 137875           |  12715.7     |
| Home_Loan_Balance       |   10000 |       78.13 |         10000 |    617.35 |       729950   | 819332       | 813653   |       897344   |      1.92014e+06 | 181411       |
| Vehicle_Loan_Balance    |   10000 |       82.21 |         10000 |  63377.2  |       354628   | 393727       | 390079   |       427826   | 907270           |  77348.7     |
| Online_Banking_Txns     |   10000 |       50.57 |          5082 |      0    |            1   |      5.93749 |      5   |            9   |     24           |      5.02071 |
| Mobile_App_Txns         |   10000 |       26.2  |          2657 |      0    |            0   |      7.81626 |      6   |           13   |     37           |      8.06683 |
| Credit_Score            |   10000 |        3.94 |          1102 |      0    |          313   |    395.126   |    382   |          463   |   1000           |    123.224   |
+-------------------------+---------+-------------+---------------+-----------+----------------+--------------+----------+----------------+------------------+--------------+